[
    {
        "t": 0.001,
        "hmd_pose": [
            [
                -1.226642370223999,
                0.48363828659057617,
                -0.7216355800628662
            ],
            [
                [
                    -0.17680752277374268,
                    0.12881697714328766,
                    0.9757794141769409
                ],
                [
                    -0.055062904953956604,
                    0.988551139831543,
                    -0.14048023521900177
                ],
                [
                    -0.9827040433883667,
                    -0.07856719195842743,
                    -0.1676902323961258
                ]
            ]
        ],
        "controller_poses": {}
    },
    {
        "t": 0.051,
        "hmd_pose": [
            [
                -1.226691722869873,
                0.4835176467895508,
                -0.7215172052383423
            ],
            [
                [
                    -0.17704105377197266,
                    0.12880757451057434,
                    0.9757382869720459
                ],
                [
                    -0.055167607963085175,
                    0.9885414242744446,
                    -0.1405075192451477
                ],
                [
                    -0.9826561212539673,
                    -0.07870473712682724,
                    -0.16790638864040375
                ]
            ]
        ],
        "controller_poses": {}
    },
    {
        "t": 0.102,
        "hmd_pose": [
            [
                -1.226609230041504,
                0.48343169689178467,
                -0.7216099500656128
            ],
            [
                [
                    -0.1770084649324417,
                    0.12892240285873413,
                    0.9757289886474609
                ],
                [
                    -0.05504444241523743,
                    0.9885351061820984,
                    -0.14060014486312866
                ],
                [
                    -0.982668936252594,
                    -0.07859586924314499,
                    -0.16788259148597717
                ]
            ]
        ],
        "controller_poses": {}
    },
    {
        "t": 0.152,
        "hmd_pose": [
            [
                -1.2266011238098145,
                0.4831141233444214,
                -0.7213730812072754
            ],
            [
                [
                    -0.17695794999599457,
                    0.1287861168384552,
                    0.9757561683654785
                ],
                [
                    -0.05490681529045105,
                    0.9885663390159607,
                    -0.14043448865413666
                ],
                [
                    -0.9826857447624207,
                    -0.07842664420604706,
                    -0.1678634136915207
                ]
            ]
        ],
        "controller_poses": {}
    },
    {
        "t": 0.202,
        "hmd_pose": [
            [
                -1.2264484167099,
                0.48272764682769775,
                -0.7213345766067505
            ],
            [
                [
                    -0.1769881248474121,
                    0.1290169656276703,
                    0.9757201671600342
                ],
                [
                    -0.05500907823443413,
                    0.9885245561599731,
                    -0.14068827033042908
                ],
                [
                    -0.9826745390892029,
                    -0.07857361435890198,
                    -0.1678600162267685
                ]
            ]
        ],
        "controller_poses": {}
    },
    {
        "t": 0.252,
        "hmd_pose": [
            [
                -1.2264834642410278,
                0.4827609062194824,
                -0.7213732004165649
            ],
            [
                [
                    -0.1770625114440918,
                    0.12893961369991302,
                    0.9757169485092163
                ],
                [
                    -0.055083319544792175,
                    0.9885289072990417,
                    -0.1406286358833313
                ],
                [
                    -0.9826570153236389,
                    -0.07864578068256378,
                    -0.16792899370193481
                ]
            ]
        ],
        "controller_poses": {}
    },
    {
        "t": 0.303,
        "hmd_pose": [
            [
                -1.2265167236328125,
                0.4829440116882324,
                -0.7214111089706421
            ],
            [
                [
                    -0.17703430354595184,
                    0.12908226251602173,
                    0.975703239440918
                ],
                [
                    -0.055131323635578156,
                    0.9885048270225525,
                    -0.1407790333032608
                ],
                [
                    -0.9826594591140747,
                    -0.078714519739151,
                    -0.1678827702999115
                ]
            ]
        ],
        "controller_poses": {}
    }
]